0.746272727273
0.745727272727
0.746272727273
0.746090909091
0.746181818182
0.746181818182
0.745727272727
0.745909090909
0.746090909091
0.746
0.745727272727
0.746272727273
0.746181818182
0.746
0.745909090909
0.746181818182
0.746
0.745727272727
0.746090909091
0.745727272727
0.718454545455
0.717818181818
0.717727272727
0.717363636364
0.717181818182
0.717181818182
0.718545454545
0.717727272727
0.718727272727
0.718181818182
0.7755
0.7755
0.774666666667
0.774833333333
0.775666666667
0.775
0.775
0.775333333333
0.775666666667
0.775166666667
0.775
